0	0	6.72881	0	3446.43	0	0.509408
0	0.2	6.83809	0.0238791	3432.57	0.383021	0.509498
0	0.4	6.94737	0.0485213	3419.16	0.775242	0.509769
0	0.6	7.05663	0.0739266	3406.16	1.17666	0.510221
0	0.8	7.16587	0.100095	3393.56	1.58728	0.510853
0	1	7.2751	0.127025	3381.35	2.00709	0.511666
0	1.2	7.3843	0.154719	3369.5	2.4361	0.512659
0	1.4	7.49348	0.183174	3358.01	2.87429	0.513833
0	1.6	7.60263	0.212391	3346.84	3.32168	0.515188
0	1.8	7.71175	0.242369	3336	3.77825	0.516724
0	2	7.82085	0.273109	3325.47	4.244	0.51844
0	2.2	7.9299	0.304609	3315.24	4.71893	0.520337
0	2.4	8.03892	0.336869	3305.28	5.20302	0.522414
0	2.6	8.1479	0.369889	3295.6	5.69629	0.524672
0	2.8	8.25684	0.403668	3286.18	6.19871	0.527111
0	3	8.36573	0.438205	3277.01	6.71029	0.555942
0.2	0	6.74329	0	3449.31	0	0.509408
0.2	0.2	6.85258	0.0239296	3435.43	0.384153	0.509498
0.2	0.4	6.96185	0.0486224	3422	0.777505	0.509769
0.2	0.6	7.07111	0.0740783	3408.99	1.18006	0.510221
0.2	0.8	7.18035	0.100297	3396.37	1.5918	0.510853
0.2	1	7.28958	0.127278	3384.14	2.01275	0.511666
0.2	1.2	7.39878	0.155022	3372.28	2.44288	0.512659
0.2	1.4	7.50796	0.183528	3360.76	2.88221	0.513833
0.2	1.6	7.61711	0.212796	3349.58	3.33073	0.515188
0.2	1.8	7.72624	0.242825	3338.72	3.78843	0.516724
0.2	2	7.83533	0.273615	3328.17	4.25531	0.51844
0.2	2.2	7.94438	0.305165	3317.92	4.73137	0.520337
0.2	2.4	8.0534	0.337476	3307.95	5.2166	0.522414
0.2	2.6	8.16238	0.370546	3298.25	5.71099	0.524672
0.2	2.8	8.27132	0.404376	3288.81	6.21455	0.527111
0.2	3	8.38021	0.438963	3279.62	6.72726	0.52973
0.4	0	6.78779	0	3458.08	0	0.555942
0.4	0.2	6.89707	0.024085	3444.15	0.387628	0.556041
0.4	0.4	7.00635	0.0489332	3430.67	0.784456	0.556336
0.4	0.6	7.11561	0.0745445	3417.6	1.19048	0.556829
0.4	0.8	7.22485	0.100919	3404.94	1.60571	0.557519
0.4	1	7.33408	0.128055	3392.65	2.03013	0.558407
0.4	1.2	7.44328	0.155954	3380.73	2.46374	0.559491
0.4	1.4	7.55246	0.184616	3369.16	2.90654	0.560772
0.4	1.6	7.66161	0.214039	3357.93	3.35854	0.562251
0.4	1.8	7.77073	0.244223	3347.02	3.81971	0.563927
0.4	2	7.87983	0.275169	3336.41	4.29007	0.565799
0.4	2.2	7.98888	0.306875	3326.1	4.7696	0.56787
0.4	2.4	8.0979	0.339341	3316.07	5.25831	0.570137
0.4	2.6	8.20688	0.372566	3306.32	5.75618	0.572601
0.4	2.8	8.31582	0.406551	3296.82	6.26321	0.575263
0.4	3	8.42471	0.441294	3287.58	6.7794	0.578121
0.6	0	6.8657	0	3473.15	0	0.612415
0.6	0.2	6.97498	0.0243571	3459.15	0.393714	0.612523
0.6	0.4	7.08426	0.0494773	3445.58	0.796627	0.612849
0.6	0.6	7.19352	0.0753606	3432.43	1.20874	0.613392
0.6	0.8	7.30276	0.102007	3419.68	1.63005	0.614152
0.6	1	7.41198	0.129416	3407.31	2.06055	0.615129
0.6	1.2	7.52119	0.157587	3395.3	2.50025	0.616324
0.6	1.4	7.63037	0.18652	3383.64	2.94914	0.617735
0.6	1.6	7.73952	0.216215	3372.31	3.40722	0.619364
0.6	1.8	7.84864	0.246672	3361.31	3.87448	0.62121
0.6	2	7.95773	0.277889	3350.61	4.35092	0.623273
0.6	2.2	8.06679	0.309867	3340.21	4.83654	0.625554
0.6	2.4	8.17581	0.342605	3330.09	5.33133	0.628051
0.6	2.6	8.28479	0.376103	3320.24	5.83529	0.630766
0.6	2.8	8.39372	0.41036	3310.65	6.34841	0.633698
0.6	3	8.50262	0.445375	3301.32	6.87068	0.636847
0.8	0	6.98362	0	3495.33	0	0.678853
0.8	0.2	7.09291	0.0247689	3481.22	0.402925	0.678973
0.8	0.4	7.20218	0.050301	3467.54	0.81505	0.679335
0.8	0.6	7.31144	0.0765961	3454.27	1.23637	0.679936
0.8	0.8	7.42069	0.103654	3441.4	1.66689	0.680779
0.8	1	7.52991	0.131475	3428.91	2.10661	0.681862
0.8	1.2	7.63911	0.160058	3416.78	2.55552	0.683186
0.8	1.4	7.74829	0.189403	3404.99	3.01362	0.684751
0.8	1.6	7.85745	0.21951	3393.54	3.48091	0.686557
0.8	1.8	7.96657	0.250378	3382.41	3.95738	0.688603
0.8	2	8.07566	0.282007	3371.58	4.44304	0.69089
0.8	2.2	8.18472	0.314397	3361.05	4.93787	0.693417
0.8	2.4	8.29374	0.347547	3350.8	5.44187	0.696186
0.8	2.6	8.40271	0.381457	3340.82	5.95504	0.699195
0.8	2.8	8.51165	0.416125	3331.1	6.47737	0.702445
0.8	3	8.62054	0.451552	3321.64	7.00885	0.705936
1	0	7.18751	0	3531.97	0	0.758484
1	0.2	7.2968	0.0254809	3517.7	0.418851	0.758619
1	0.4	7.40607	0.0517249	3503.86	0.846901	0.759022
1	0.6	7.51533	0.078732	3490.42	1.28415	0.759695
1	0.8	7.62457	0.106502	3477.38	1.7306	0.760636
1	1	7.7338	0.135035	3464.71	2.18624	0.761846
1	1.2	7.843	0.16433	3452.39	2.65108	0.763326
1	1.4	7.95218	0.194387	3440.42	3.1251	0.765074
1	1.6	8.06133	0.225206	3428.78	3.60832	0.767091
1	1.8	8.17046	0.256786	3417.45	4.10072	0.769377
1	2	8.27955	0.289127	3406.43	4.6023	0.771933
1	2.2	8.38861	0.322229	3395.7	5.11305	0.774757
1	2.4	8.49762	0.356091	3385.25	5.63298	0.77785
1	2.6	8.6066	0.390712	3375.07	6.16207	0.781212
1	2.8	8.71554	0.426093	3365.16	6.70033	0.784843
1	3	8.82443	0.462232	3355.49	7.24774	0.788743
1.2	0	7.19905	0	3533.98	0	0.755513
1.2	0.2	7.31108	0.0255308	3520.18	0.419967	0.755647
1.2	0.4	7.42319	0.0518445	3506.82	0.849577	0.756049
1.2	0.6	7.53538	0.078942	3493.87	1.28885	0.756719
1.2	0.8	7.64763	0.106824	3481.33	1.7378	0.757657
1.2	1	7.75994	0.135491	3469.16	2.19645	0.758862
1.2	1.2	7.87232	0.164944	3457.36	2.66482	0.760336
1.2	1.4	7.98476	0.195183	3445.91	3.14292	0.762077
1.2	1.6	8.09726	0.226209	3434.8	3.63077	0.764087
1.2	1.8	8.20981	0.258023	3424.02	4.12838	0.766364
1.2	2	8.32242	0.290624	3413.54	4.63578	0.768909
1.2	2.2	8.43508	0.324014	3403.36	5.15298	0.771722
1.2	2.4	8.54778	0.358193	3393.48	5.67999	0.774803
1.2	2.6	8.66053	0.39316	3383.86	6.21683	0.778152
1.2	2.8	8.77332	0.428918	3374.52	6.76351	0.781769
1.2	3	8.88615	0.465465	3365.43	7.32005	0.785654
1.4	0	6.96907	0	3492.64	0	0.650733
1.4	0.2	7.08661	0.0247469	3480.06	0.402433	0.650848
1.4	0.4	7.20439	0.0503164	3467.95	0.815395	0.651194
1.4	0.6	7.32242	0.0767111	3456.27	1.23895	0.651771
1.4	0.8	7.44068	0.103933	3445.02	1.67314	0.652579
1.4	1	7.55918	0.131986	3434.17	2.11804	0.653617
1.4	1.2	7.67791	0.160871	3423.7	2.5737	0.654886
1.4	1.4	7.79687	0.19059	3413.6	3.04018	0.656386
1.4	1.6	7.91606	0.221147	3403.86	3.51754	0.658117
1.4	1.8	8.03548	0.252544	3394.45	4.00582	0.660078
1.4	2	8.15511	0.284782	3385.37	4.5051	0.662271
1.4	2.2	8.27497	0.317864	3376.6	5.01541	0.664694
1.4	2.4	8.39504	0.351792	3368.13	5.53682	0.667347
1.4	2.6	8.51532	0.386569	3359.94	6.06939	0.670232
1.4	2.8	8.63582	0.422196	3352.03	6.61315	0.673347
1.4	3	8.75653	0.458675	3344.39	7.16818	0.676693
1.6	0	6.3451	0	3365.37	0	0.598736
1.6	0.2	6.46372	0.0225717	3354.14	0.353779	0.598842
1.6	0.4	6.58253	0.0459732	3343.36	0.718246	0.59916
1.6	0.6	6.70152	0.0702064	3333	1.09345	0.599691
1.6	0.8	6.8207	0.0952733	3323.06	1.47943	0.600434
1.6	1	6.94006	0.121176	3313.5	1.87624	0.60139
1.6	1.2	7.0596	0.147915	3304.32	2.28392	0.602557
1.6	1.4	7.17931	0.175494	3295.48	2.70252	0.603937
1.6	1.6	7.2992	0.203914	3286.99	3.13207	0.60553
1.6	1.8	7.41926	0.233177	3278.81	3.57262	0.607335
1.6	2	7.53948	0.263283	3270.94	4.02422	0.609352
1.6	2.2	7.65987	0.294236	3263.36	4.48691	0.611581
1.6	2.4	7.78042	0.326037	3256.06	4.96073	0.614023
1.6	2.6	7.90113	0.358686	3249.03	5.44571	0.616677
1.6	2.8	8.022	0.392187	3242.25	5.94191	0.619543
1.6	3	8.14302	0.426539	3235.72	6.44936	0.622622
1.8	0	5.62608	0	3183.72	0	0.559558
1.8	0.2	5.74308	0.0200552	3174.37	0.297489	0.559657
1.8	0.4	5.86017	0.0409282	3165.43	0.605399	0.559955
1.8	0.6	5.97735	0.0626199	3156.88	0.923753	0.560451
1.8	0.8	6.09461	0.0851311	3148.68	1.25257	0.561146
1.8	1	6.21196	0.108463	3140.82	1.59188	0.562039
1.8	1.2	6.32938	0.132616	3133.29	1.9417	0.56313
1.8	1.4	6.44688	0.15759	3126.06	2.30204	0.56442
1.8	1.6	6.56446	0.183388	3119.12	2.67294	0.565908
1.8	1.8	6.68211	0.210009	3112.46	3.05441	0.567595
1.8	2	6.79983	0.237454	3106.05	3.44648	0.56948
1.8	2.2	6.91761	0.265724	3099.9	3.84915	0.571563
1.8	2.4	7.03546	0.294819	3093.98	4.26245	0.573845
1.8	2.6	7.15337	0.32474	3088.28	4.6864	0.576325
1.8	2.8	7.27133	0.355487	3082.8	5.12102	0.579004
1.8	3	7.38936	0.387062	3077.53	5.56632	0.581881
2	0	5.13329	0	3029.83	0	0.527673
2	0.2	5.24956	0.0183318	3022.79	0.25894	0.527766
2	0.4	5.3659	0.0374761	3016.09	0.528183	0.528047
2	0.6	5.48229	0.0574335	3009.69	0.807744	0.528515
2	0.8	5.59874	0.0782046	3003.59	1.09764	0.52917
2	1	5.71524	0.0997899	2997.77	1.39788	0.530012
2	1.2	5.83179	0.12219	2992.21	1.70849	0.531041
2	1.4	5.9484	0.145405	2986.89	2.02948	0.532257
2	1.6	6.06505	0.169436	2981.8	2.36087	0.533661
2	1.8	6.18174	0.194283	2976.93	2.70266	0.535251
2	2	6.29848	0.219947	2972.27	3.05487	0.537029
2	2.2	6.41525	0.246427	2967.81	3.41751	0.538994
2	2.4	6.53206	0.273724	2963.52	3.7906	0.541146
2	2.6	6.6489	0.301839	2959.42	4.17415	0.543485
2	2.8	6.76577	0.330771	2955.48	4.56816	0.546011
2	3	6.88267	0.360521	2951.7	4.97266	0.548724
2.2	0	4.76947	0	2895.81	0	0.500639
2.2	0.2	4.88535	0.0170599	2891.28	0.230491	0.500728
2.2	0.4	5.00128	0.0349296	2887	0.471223	0.500994
2.2	0.6	5.11727	0.0536095	2882.93	0.722209	0.501438
2.2	0.8	5.23331	0.0731001	2879.08	0.983463	0.502059
2.2	1	5.34939	0.093402	2875.42	1.255	0.502858
2.2	1.2	5.46551	0.114516	2871.94	1.53683	0.503835
2.2	1.4	5.58168	0.136441	2868.64	1.82897	0.504989
2.2	1.6	5.69788	0.159179	2865.49	2.13143	0.50632
2.2	1.8	5.81412	0.18273	2862.5	2.44422	0.507829
2.2	2	5.9304	0.207093	2859.65	2.76736	0.509516
2.2	2.2	6.0467	0.23227	2856.94	3.10085	0.51138
2.2	2.4	6.16303	0.25826	2854.35	3.4447	0.513422
2.2	2.6	6.27939	0.285064	2851.89	3.79893	0.515641
2.2	2.8	6.39576	0.312682	2849.54	4.16354	0.518037
2.2	3	6.51216	0.341113	2847.29	4.53855	0.520612
2.4	0	4.48747	0	2776.98	0	0.477143
2.4	0.2	4.60312	0.0160744	2775.07	0.208447	0.477228
2.4	0.4	4.71883	0.0329569	2773.28	0.427097	0.477481
2.4	0.6	4.83458	0.050648	2771.61	0.655966	0.477904
2.4	0.8	4.95038	0.0691482	2770.05	0.895067	0.478497
2.4	1	5.06623	0.088458	2768.59	1.14441	0.479258
2.4	1.2	5.18212	0.108578	2767.23	1.40402	0.480189
2.4	1.4	5.29805	0.129508	2765.95	1.67389	0.481288
2.4	1.6	5.41402	0.151249	2764.76	1.95405	0.482557
2.4	1.8	5.53002	0.173801	2763.65	2.2445	0.483996
2.4	2	5.64606	0.197164	2762.6	2.54526	0.485603
2.4	2.2	5.76212	0.221339	2761.63	2.85633	0.48738
2.4	2.4	5.87821	0.246325	2760.72	3.17773	0.489326
2.4	2.6	5.99433	0.272123	2759.87	3.50947	0.491441
2.4	2.8	6.11046	0.298734	2759.08	3.85155	0.493725
2.4	3	6.22662	0.326156	2758.35	4.20398	0.496178
2.6	0	4.26126	0	2670.29	0	0.456386
2.6	0.2	4.37676	0.0152839	2671.03	0.190765	0.456467
2.6	0.4	4.49232	0.0313749	2671.76	0.391712	0.45671
2.6	0.6	4.60793	0.0482736	2672.5	0.602855	0.457114
2.6	0.8	4.72359	0.0659804	2673.23	0.824208	0.457681
2.6	1	4.8393	0.0844958	2673.96	1.05579	0.458409
2.6	1.2	4.95506	0.10382	2674.68	1.2976	0.459299
2.6	1.4	5.07085	0.123954	2675.41	1.54967	0.460351
2.6	1.6	5.18669	0.144898	2676.14	1.81199	0.461565
2.6	1.8	5.30256	0.166652	2676.86	2.0846	0.462941
2.6	2	5.41847	0.189216	2677.58	2.36749	0.464478
2.6	2.2	5.53441	0.212591	2678.31	2.66068	0.466177
2.6	2.4	5.65037	0.236778	2679.03	2.96417	0.468039
2.6	2.6	5.76637	0.261775	2679.75	3.27799	0.470062
2.6	2.8	5.88238	0.287583	2680.47	3.60213	0.472247
2.6	3	5.99842	0.314203	2681.18	3.93662	0.474593
2.8	0	4.07507	0	2573.59	0	0.437839
2.8	0.2	4.19048	0.0146334	2576.97	0.176215	0.437917
2.8	0.4	4.30594	0.0300732	2580.21	0.362595	0.43815
2.8	0.6	4.42146	0.04632	2583.33	0.559158	0.438538
2.8	0.8	4.53703	0.0633744	2586.32	0.765918	0.439081
2.8	1	4.65266	0.0812368	2589.2	0.982889	0.43978
2.8	1.2	4.76833	0.0999078	2591.97	1.21009	0.440634
2.8	1.4	4.88405	0.119388	2594.66	1.44752	0.441643
2.8	1.6	4.99981	0.139677	2597.25	1.69521	0.442808
2.8	1.8	5.11561	0.160776	2599.75	1.95317	0.444127
2.8	2	5.23145	0.182685	2602.18	2.22141	0.445602
2.8	2.2	5.34732	0.205405	2604.54	2.49993	0.447233
2.8	2.4	5.46323	0.228935	2606.83	2.78876	0.449018
2.8	2.6	5.57917	0.253276	2609.05	3.0879	0.450959
2.8	2.8	5.69513	0.278429	2611.21	3.39737	0.453055
2.8	3	5.81112	0.304392	2613.32	3.71717	0.455306
3	0	3.91874	0	2485.3	0	0.421128
3	0.2	4.03408	0.0140872	2491.3	0.163998	0.421203
3	0.4	4.14947	0.0289804	2497.01	0.338152	0.421427
3	0.6	4.26493	0.0446802	2502.46	0.522478	0.4218
3	0.8	4.38044	0.0611871	2507.66	0.716993	0.422323
3	1	4.49601	0.0785018	2512.64	0.921713	0.422995
3	1.2	4.61164	0.0966248	2517.4	1.13665	0.423817
3	1.4	4.72731	0.115557	2521.98	1.36183	0.424787
3	1.6	4.84303	0.135297	2526.37	1.59725	0.425907
3	1.8	4.9588	0.155848	2530.6	1.84294	0.427177
3	2	5.07461	0.177209	2534.66	2.0989	0.428595
3	2.2	5.19046	0.19938	2538.59	2.36515	0.430163
3	2.4	5.30634	0.222361	2542.37	2.64171	0.431881
3	2.6	5.42226	0.246154	2546.03	2.92858	0.433748
3	2.8	5.53822	0.270757	2549.57	3.22577	0.435764
3	3	5.6542	0.296172	2553	3.5333	0.437929
3.2	0	3.78536	0	2404.2	0	0.405976
3.2	0.2	3.90064	0.0136213	2412.77	0.153575	0.406048
3.2	0.4	4.01599	0.0280482	2420.9	0.317299	0.406264
3.2	0.6	4.13141	0.0432814	2428.63	0.491189	0.406624
3.2	0.8	4.24688	0.0593215	2435.98	0.675263	0.407128
3.2	1	4.36242	0.0761693	2442.99	0.869538	0.407776
3.2	1.2	4.47802	0.0938252	2449.69	1.07403	0.408567
3.2	1.4	4.59367	0.11229	2456.09	1.28875	0.409503
3.2	1.6	4.70937	0.131563	2462.22	1.51373	0.410583
3.2	1.8	4.82513	0.151647	2468.09	1.74897	0.411807
3.2	2	4.94093	0.17254	2473.73	1.99448	0.413174
3.2	2.2	5.05678	0.194244	2479.15	2.25029	0.414686
3.2	2.4	5.17266	0.216759	2484.37	2.5164	0.416342
3.2	2.6	5.28859	0.240085	2489.4	2.79284	0.418141
3.2	2.8	5.40455	0.264223	2494.24	3.0796	0.420085
3.2	3	5.52055	0.289172	2498.92	3.37672	0.422172
3.4	0	3.67005	0	2329.35	0	0.392167
3.4	0.2	3.78529	0.0132185	2340.43	0.144565	0.392237
3.4	0.4	3.90061	0.0272423	2350.92	0.299274	0.392445
3.4	0.6	4.016	0.0420723	2360.86	0.464145	0.392793
3.4	0.8	4.13145	0.0577092	2370.3	0.639197	0.39328
3.4	1	4.24697	0.0741535	2379.28	0.824448	0.393905
3.4	1.2	4.36255	0.0914059	2387.83	1.01992	0.39467
3.4	1.4	4.4782	0.109467	2395.99	1.22562	0.395574
3.4	1.6	4.5939	0.128338	2403.79	1.44157	0.396617
3.4	1.8	4.70966	0.148018	2411.24	1.66779	0.397799
3.4	2	4.82546	0.168508	2418.39	1.90429	0.399121
3.4	2.2	4.94132	0.18981	2425.24	2.15109	0.400581
3.4	2.4	5.05723	0.211922	2431.82	2.4082	0.40218
3.4	2.6	5.17318	0.234846	2438.14	2.67564	0.403918
3.4	2.8	5.28917	0.258582	2444.23	2.95342	0.405796
3.4	3	5.4052	0.283129	2450.1	3.24156	0.407812
3.6	0	3.56926	0	2259.96	0	0.37953
3.6	0.2	3.68448	0.0128664	2273.5	0.136691	0.379597
3.6	0.4	3.79977	0.0265381	2286.28	0.283521	0.379799
3.6	0.6	3.91514	0.0410157	2298.37	0.44051	0.380135
3.6	0.8	4.03058	0.0563001	2309.83	0.60768	0.380606
3.6	1	4.14609	0.072392	2320.7	0.785048	0.381212
3.6	1.2	4.26167	0.0892921	2331.04	0.972634	0.381952
3.6	1.4	4.37731	0.107001	2340.89	1.17046	0.382827
3.6	1.6	4.49302	0.125519	2350.28	1.37853	0.383836
3.6	1.8	4.60879	0.144848	2359.25	1.59688	0.38498
3.6	2	4.72462	0.164987	2367.83	1.82552	0.386259
3.6	2.2	4.8405	0.185937	2376.05	2.06446	0.387672
3.6	2.4	4.95643	0.207698	2383.93	2.31372	0.38922
3.6	2.6	5.07241	0.230271	2391.49	2.57332	0.390902
3.6	2.8	5.18844	0.253657	2398.75	2.84328	0.392719
3.6	3	5.30452	0.277856	2405.75	3.1236	0.394671
3.8	0	3.48034	0	2195.4	0	0.367923
3.8	0.2	3.59553	0.0125558	2211.32	0.129743	0.367988
3.8	0.4	3.71081	0.0259167	2226.33	0.269623	0.368184
3.8	0.6	3.82616	0.0400836	2240.5	0.419661	0.36851
3.8	0.8	3.94159	0.0550572	2253.91	0.579878	0.368967
3.8	1	4.0571	0.0708383	2266.61	0.750295	0.369554
3.8	1.2	4.17269	0.0874278	2278.68	0.930932	0.370272
3.8	1.4	4.28834	0.104826	2290.15	1.12181	0.37112
3.8	1.6	4.40407	0.123034	2301.07	1.32294	0.372098
3.8	1.8	4.51985	0.142053	2311.49	1.53436	0.373207
3.8	2	4.6357	0.161882	2321.44	1.75607	0.374447
3.8	2.2	4.75162	0.182522	2330.95	1.98809	0.375817
3.8	2.4	4.86758	0.203975	2340.07	2.23044	0.377317
3.8	2.6	4.98361	0.22624	2348.8	2.48315	0.378948
3.8	2.8	5.09968	0.249318	2357.19	2.74621	0.380709
3.8	3	5.21581	0.273209	2365.25	3.01966	0.382601
4	0	3.40125	0	2135.14	0	0.35723
4	0.2	3.51642	0.0122796	2153.38	0.123564	0.357294
4	0.4	3.63168	0.0253641	2170.55	0.257262	0.357484
4	0.6	3.74703	0.0392546	2186.73	0.401118	0.3578
4	0.8	3.86246	0.0539519	2202.02	0.555154	0.358244
4	1	3.97798	0.0694567	2216.48	0.719392	0.358814
4	1.2	4.09357	0.08577	2230.2	0.893852	0.35951
4	1.4	4.20924	0.102892	2243.23	1.07856	0.360334
4	1.6	4.32498	0.120825	2255.62	1.27353	0.361284
4	1.8	4.44079	0.139568	2267.42	1.47878	0.362361
4	2	4.55667	0.159122	2278.68	1.69434	0.363564
4	2.2	4.67262	0.179488	2289.44	1.92022	0.364894
4	2.4	4.78863	0.200666	2299.73	2.15644	0.366351
4	2.6	4.9047	0.222658	2309.58	2.40302	0.367935
4	2.8	5.02083	0.245463	2319.03	2.65998	0.369645
4	3	5.13701	0.269081	2328.11	2.92734	0.371482
